image: ./robot2_map.pgm
resolution: 0.050000
origin: [-13.800000, -12.200000, 0.000000]
negate: 0
occupied_thresh: 0.65
free_thresh: 0.196
xoriginr2: -3.43829749488
yoriginr2: 13.8799429097

