image: ./robot1_map.pgm
resolution: 0.050000
origin: [-12.200000, -12.200000, 0.000000]
negate: 0
occupied_thresh: 0.65
free_thresh: 0.196
xoriginr1: 4.85018351326
yoriginr1: 13.6361885347

