image: ./robot3_map.pgm
resolution: 0.050000
origin: [-13.800000, -12.200000, 0.000000]
negate: 0
occupied_thresh: 0.65
free_thresh: 0.196
xoriginr1: 2.00111906496
yoriginr1: 15.6584561171 

