image: ./robot2_map.pgm
resolution: 0.050000
origin: [-13.80000, -12.200000, 0.000000]
negate: 0
occupied_thresh: 0.65
free_thresh: 0.196
xoriginr1: -3.21378504036
yoriginr1: 15.9657807307

