image: ./robot5_map.pgm
resolution: 0.050000
origin: [-12.2, -12.200000, 0.000000] 
negate: 0
occupied_thresh: 0.65
free_thresh: 0.196
xoriginr1: 10.5429974243
yoriginr1: 15.5971522974

