image: ./robot2_map.pgm
resolution: 0.050000
origin: [-15.05, -10.22, 0.000000]
negate: 0
occupied_thresh: 0.65
free_thresh: 0.196
xoriginr1: -2.45
yoriginr1: 17.6 
#xoriginr2: 8
#yoriginr2: 17.6 



