image: ./map_merged.pgm
resolution: 0.050000
origin: [-13.800000, -12.200000, 0.000000]
negate: 0
occupied_thresh: 0.65
free_thresh: 0.196
xoriginr1: 8.08896152777
yoriginr1: 15.7813775665
xoriginr2: -3.08911896281
yoriginr2: 13.1672524873
xoriginr3: 0.547101196474
yoriginr3: 15.2614583895

