image: ./robot3_map.pgm
resolution: 0.050000
origin: [-13.800000, -12.200000, 0.000000]
negate: 0
occupied_thresh: 0.65
free_thresh: 0.196
xoriginr3: 0.547101196474
yoriginr3: 15.2614583895

