image: map_boxes6.pgm
resolution: 0.050000
# origin: [-13.800000, -12.200000, 0.000000]
origin: [-15.0, -10.2, 0.000000]
# origin: [-13.8, -10.95, 0.000000]
negate: 0
occupied_thresh: 0.65
free_thresh: 0.196

