image: robot1_map.pgm
resolution: 0.050000
origin: [-32.200000, -26.600000, 0.000000]
negate: 0
occupied_thresh: 0.65
free_thresh: 0.196
xoriginr1: -12.8955
yoriginr1: 11.652

